2 0.942052 0.296454 0.058192 0.155081
2 0.868807 0.290912 0.106705 0.162872
2 0.647019 0.263099 0.182652 0.151760
2 0.395079 0.238637 0.124763 0.158464
2 0.155731 0.213829 0.175525 0.141825
2 0.880296 0.447443 0.117183 0.143863
2 0.635679 0.428402 0.161423 0.123510
2 0.385898 0.397870 0.156108 0.132237
2 0.132901 0.384295 0.189718 0.129338
2 0.864291 0.612293 0.155006 0.136752
2 0.615008 0.592799 0.170860 0.141372
2 0.369439 0.567386 0.151745 0.134894
2 0.123569 0.545083 0.109966 0.164730
2 0.846579 0.778546 0.170860 0.141372
2 0.599153 0.756093 0.202417 0.149057
2 0.352029 0.730529 0.103942 0.150280
2 0.114388 0.704316 0.161680 0.142021
