2 0.0796875 0.2546875 0.04375 0.1515625
2 0.153125 0.25625 0.0921875 0.1546875
2 0.3765625 0.25 0.1703125 0.1359375
2 0.6296875 0.25 0.1109375 0.1484375
2 0.8703125 0.2484375 0.1640625 0.1265625
2 0.1265625 0.4109375 0.1046875 0.134375
2 0.371875 0.415625 0.1515625 0.109375
2 0.6234375 0.409375 0.1453125 0.11875
2 0.8765625 0.4203125 0.1796875 0.1125
2 0.1265625 0.5765625 0.14375 0.1234375
2 0.3765625 0.58125 0.159375 0.1265625
2 0.6234375 0.5796875 0.140625 0.121875
2 0.8703125 0.58125 0.0953125 0.15625
2 0.128125 0.74375 0.159375 0.1265625
2 0.3765625 0.7453125 0.190625 0.13125
2 0.625 0.74375 0.090625 0.1421875
2 0.8640625 0.740625 0.15 0.128125