2 0.920313 0.254687 0.043750 0.151563
2 0.846875 0.256250 0.092187 0.154687
2 0.623437 0.250000 0.170312 0.135938
2 0.370313 0.250000 0.110937 0.148438
2 0.129687 0.248438 0.164062 0.126563
2 0.873437 0.410937 0.104688 0.134375
2 0.628125 0.415625 0.151563 0.109375
2 0.376562 0.409375 0.145313 0.118750
2 0.123438 0.420312 0.179688 0.112500
2 0.873437 0.576563 0.143750 0.123438
2 0.623437 0.581250 0.159375 0.126562
2 0.376562 0.579687 0.140625 0.121875
2 0.129687 0.581250 0.095312 0.156250
2 0.871875 0.743750 0.159375 0.126562
2 0.623437 0.745313 0.190625 0.131250
2 0.375000 0.743750 0.090625 0.142187
2 0.135938 0.740625 0.150000 0.128125
